3487
19294
13622
10089
7380
24884
22285
13791
24527
6857
11624
5025
20035
17765
717
7642
30965
16128
22465
24088
10367
18890
30061
804
13061
4950
5077
8528
3453
13461
10105
32331
5850
24410
4347
20190
22650
21029
10802
29327
9540
5985
251
25284
24836
24557
195
5702
29191
12075
22020
16119
23273
1920
30257
11443
8530
5453
12561
32398
18383
1022
22895
3683
11220
30895
24961
28076
23947
24772
7451
31519
26736
16167
13620
10297
12220
5934
32317
17017
29905
29877
16508
15943
27729
1680
2441
9325
10164
19471
5200
17470
27839
6611
7339
18311
4847
15014
10321
10102
23998
8121
25337
26257
29318
3539
25764
4766
391
9261
19747
31884
6516
21919
25572
26019
29632
25977
9524
12481
4648
14897
7537
11482
26049
11702
20672
8647
26315
22148
5627
27815
7260
584
7309
12313
2460
32061
28053
30302
20748
16126
25008
10552
18559
19570
28001
16397
23110
20299
